15
0 53 19 32 55 19 28 26 42 18 14 17 14 47 35 
53 0 37 45 21 57 49 23 32 33 32 54 57 45 53 
19 37 0 43 23 52 55 12 30 46 46 41 25 29 21 
32 45 43 0 56 35 43 39 14 26 28 41 14 43 30 
55 21 23 56 0 48 42 14 59 57 51 33 20 33 49 
19 57 52 35 48 0 30 50 30 26 43 21 55 57 19 
28 49 55 43 42 30 0 17 22 55 41 36 40 49 59 
26 23 12 39 14 50 17 0 45 31 41 27 46 18 58 
42 32 30 14 59 30 22 45 0 41 32 51 26 49 35 
18 33 46 26 57 26 55 31 41 0 16 50 23 23 54 
14 32 46 28 51 43 41 41 32 16 0 30 51 39 47 
17 54 41 41 33 21 36 27 51 50 30 0 60 10 17 
14 57 25 14 20 55 40 46 26 23 51 60 0 59 10 
47 45 29 43 33 57 49 18 49 23 39 10 59 0 34 
35 53 21 30 49 19 59 58 35 54 47 17 10 34 0 
