10
0 62 81 95 80 98 49 87 100 91 
62 0 41 16 25 30 81 63 52 80 
81 41 0 15 11 94 28 34 10 25 
95 16 15 0 72 13 14 40 100 55 
80 25 11 72 0 80 37 21 84 47 
98 30 94 13 80 0 70 48 47 11 
49 81 28 14 37 70 0 97 17 49 
87 63 34 40 21 48 97 0 68 15 
100 52 10 100 84 47 17 68 0 83 
91 80 25 55 47 11 49 15 83 0 
