8
0 43 531 406 4 124 234 117 
43 0 112 24 416 240 86 229 
531 112 0 370 540 389 583 38 
406 24 370 0 337 220 369 129 
4 416 540 337 0 543 77 208 
124 240 389 220 543 0 306 154 
234 86 583 369 77 306 0 368 
117 229 38 129 208 154 368 0 
