8
0 35 87 63 48 61 50 25 
35 0 52 24 92 45 88 83 
87 52 0 66 30 59 83 94 
63 24 66 0 52 93 99 18 
48 92 30 52 0 37 74 45 
61 45 59 93 37 0 66 18 
50 88 83 99 74 66 0 46 
25 83 94 18 45 18 46 0 
