8
0 38 51 36 66 73 44 80 
38 0 72 59 72 35 45 58 
51 72 0 59 51 44 63 44 
36 59 59 0 44 36 76 53 
66 72 51 44 0 67 54 56 
73 35 44 36 67 0 53 30 
44 45 63 76 54 53 0 30 
80 58 44 53 56 30 30 0 
