8
0 4643 7863 2137 4101 1146 6221 8381 
4643 0 4312 6250 2352 9954 6704 2375 
7863 4312 0 4180 5092 1499 4761 8928 
2137 6250 4180 0 4601 5096 1836 9105 
4101 2352 5092 4601 0 9621 4439 9923 
1146 9954 1499 5096 9621 0 372 1287 
6221 6704 4761 1836 4439 372 0 4012 
8381 2375 8928 9105 9923 1287 4012 0 
